3.047170797544313525e-01 -1.470759627697770577e+00 1.299819599737603859e+00 1.881129432782427724e+00 -4.362647308324104856e+00 -3.189675345321704825e+00 3.382339142868711068e-01 -8.944691261846398067e-01 -5.040347251286638602e-02 -2.697561755308225173e+00
8.793979748628285575e-01 1.099963903788037323e+00 1.143685230352405463e-01 2.254482413936065743e+00 1.045382669391788699e+00 -2.104828073883386441e+00 9.756228704423670628e-01 -2.712129557631914434e+00 2.635350903921817700e+00 -1.578795929753825933e-01
-1.848623635452605607e-01 -9.629797967165866224e-01 2.117503712936690263e+00 -3.090589641376043084e-01 -9.577701270111488308e-01 -8.625475200107406426e-01 1.408357725569496788e+00 1.033631904224851850e+00 1.238197834787965190e+00 1.362375633343161807e+00
2.141647600870461243e+00 -5.747576281232070761e-01 -8.872304325596418462e-01 -1.627545456495755438e+00 1.377371861619876903e+00 2.765406050906231261e+00 -3.014766354828626316e-01 -2.376321368472011919e+00 -2.473443647073718665e+00 2.057355038804718816e+00
7.432541712034422821e-01 7.681361326980417070e-01 -1.152696625954310106e+00 4.643226461334395427e-01 2.609174012482346483e-01 5.356754745513639948e-01 2.305583831755837476e+00 6.324237151268211621e-01 2.036740689215684519e+00 2.137037817396880146e-01
2.891193986899841528e-01 8.927763707473131971e-01 -2.523867914534696499e+00 -6.393424327146026709e-01 -1.051785229755699103e+00 -1.564924736163453733e+00 -7.279579719122615256e-01 4.228332554599002258e+00 -2.597493347079729453e+00 3.061965009549236338e+00
-1.682869771615804755e+00 -4.735989512416034497e-01 2.818965778494350038e-01 1.172444662718556296e+00 1.590350979821502087e+00 1.943295915087610126e+00 -9.226398171023978412e-01 -1.307728351547488455e+00 2.573927643771461327e+00 -6.049573928667246747e-01
-1.275686323337921868e+00 -1.602710148107742594e+00 -1.592538074490141176e+00 9.943214881075280731e-01 3.184736275992277044e-01 1.691336792331009198e+00 -1.130404249200701372e+00 4.484179625902600663e-01 1.876771181902010088e+00 -9.782396518077001168e-01
4.567752375574114510e-01 -9.361046431430323223e-01 -6.288277081340197805e-01 -7.634757879966581617e-01 -2.673978737726349308e+00 1.192834096701960833e+00 -1.241921857008143615e+00 3.533870430919048428e-02 1.442239976717726968e+00 1.412055562528206298e+00
6.653851089727862433e-01 -1.392795078901122585e-01 -7.331741832186190466e-01 -1.594364218127981014e-01 -3.772994495106284596e+00 -3.544687157853956716e+00 -3.499534233531286009e+00 -2.820639977255118946e+00 1.199322680170309852e+00 -2.863376188515487808e+00
-3.781625540393896978e-01 1.837386279347964058e+00 -6.170672987846378410e-01 1.475031136934173093e+00 -2.087632597497731446e+00 -5.032171907791852528e-01 -2.513522097319946802e+00 -9.589303480632848098e-01 2.520924412372186563e+00 -5.462266786213755942e+00
4.344236435458573298e-01 3.362089130772442092e-01 -1.029097910581645348e+00 -2.892115708776909155e+00 1.612864824318076817e-01 -1.296986959730261457e+00 6.156033912452497647e-01 6.180720113240687624e-02 4.805336673962746552e+00 -7.569089535935294988e-01
-1.023497492621864957e+00 2.535340343582704326e-01 3.810454341357709107e-01 2.718375150480873081e+00 1.867365514639541146e+00 8.741519988828918564e-01 3.871535542928761675e+00 -3.362329667742880446e+00 -1.919254598249243049e+00 -2.930090399956176928e+00
-3.898098031557679644e-01 -1.946928221005300053e+00 1.100113710358025854e+00 -4.444453941975467504e-01 -3.288822856242518355e+00 -2.487650542403037068e+00 8.294796729282583048e-01 2.370579918602897074e+00 5.990192675075359574e+00 9.214442181058123182e+00
4.144094332759963861e-01 -1.399418229834237914e+00 -3.692812482314885347e+00 5.354229246876716086e-01 -1.817791550817024593e+00 -1.017413348400662887e+00 -1.619455908610926587e+00 -3.982167620571640532e-01 3.197940692362930548e+00 4.966311763938603407e-01
-1.586348370386883033e-01 -1.464635583168856003e+00 -2.900635946797006870e+00 -9.726158181466617592e-01 -1.202614396331015689e-01 4.330526189273473214e+00 3.446739859851998822e-01 2.779607089537423636e+00 -1.497886795617456190e+00 -3.747121201096335508e+00
-9.651167622323718609e-01 -1.025624536252927710e+00 3.686617718950238487e+00 -1.642773358448772258e+00 1.874918857954138041e+00 -2.211710861204331025e+00 2.464710520164422380e+00 1.088805754231074729e+00 -4.699136929742712132e-01 -1.289024257701127385e-01
-6.547876954293904150e-01 6.308413571335821368e-01 -7.880545045547463490e-01 -2.451211527534496337e+00 -2.857555287179858627e+00 4.227523341886387231e-01 4.177882761938540135e+00 4.525246195630234780e-01 -3.559149783296476910e-01 9.038616159572898656e-01
1.306001741706824815e+00 3.102537087760997014e-01 -7.117468420176168431e-01 2.212577420119777649e+00 9.587285421908731120e-01 3.761818549811986490e+00 4.847927525120405701e-01 -3.463321422729966237e+00 -4.104477597736995165e+00 5.220692518642857216e+00
1.723665720783297051e+00 -2.538785061308020952e-01 -6.636999090237422072e-01 2.922888584484404362e+00 -2.475429399246857454e+00 -2.191624655523266796e+00 1.702082710491519935e+00 -1.116111833059866276e+00 -1.536560016021388739e-02 -5.168518267172335090e-01
3.375745487989335603e-01 1.990479937063986071e+00 1.568976611527199416e-01 1.287877586553715759e+00 -4.584324183478933001e+00 -1.193352258126120918e-01 -2.230977593156712846e+00 -3.447323920097106864e+00 -2.634457100786252504e+00 -1.056591092266772280e+00
9.159025423560130941e-01 -1.875802570460200158e+00 5.305530148520081618e-02 -9.683388666671569611e-01 -7.326993133910475464e-01 2.456245007579193729e+00 1.423719622957232644e+00 3.782733083675275942e+00 -4.635170377497014327e-01 -2.200763773645502130e+00
-2.238588168804995227e-01 3.429422510477191932e-01 3.058340281048990139e-01 -2.168776144466733058e+00 2.023413029890383241e-01 5.590429536877810079e-01 6.660610235376438482e+00 5.308518207482795681e+00 -2.559730051676460061e+00 -9.087859841310520492e-01
-1.463442001837003126e+00 -8.353858705360758252e-01 5.466439013414275960e-01 2.411707241776467114e+00 -1.630281022491135712e+00 -1.602324995224198467e+00 -5.681192765665659117e+00 -4.600887019410254131e-01 -3.187243235578689493e+00 -1.674234473572074444e+00
-8.768607781675882284e-01 -1.333073826478957669e-01 -3.044474879735996620e+00 -2.934090490781981142e+00 4.761141283390385226e+00 -3.153528407458181082e+00 -2.901821882153098553e+00 5.195576049317233824e+00 8.715201507721220153e+00 -3.704818977733157936e+00
-3.682489567880305459e-01 4.830324924438831879e-01 2.994192151035122151e+00 -1.973714156856474888e+00 -5.484579369012784200e-01 1.904080419243180389e+00 1.150282911526461671e+00 -1.063930035005172803e+00 -4.014688935481234289e-01 -4.347802299867538522e+00
-2.381737439746652307e-01 -3.767288012171917111e-01 4.021300448203337097e-01 -1.110654437638032066e+00 1.054392190420748054e+00 2.480637008103947494e+00 4.112273474567318954e-01 9.949173668196057418e-01 1.594660427336020980e-01 2.668743876516106337e-04
-7.215580335428474212e-01 4.475904772716514657e-01 -1.685053313477134773e-01 4.186336617861189602e+00 3.518128514667194562e+00 9.451271727753990382e-01 -2.018859612967219608e+00 -3.146374781236735974e+00 3.573428859266595481e+00 8.308860049093478306e-01
4.801434033916108235e-01 -2.467217163504955124e+00 1.606370570953300270e+00 9.088406764287259021e-01 -2.482998494652389088e+00 -1.154995179316463005e+00 6.977301391765502458e-01 1.483985156193882993e-01 -8.765135574106650562e-01 -3.272586381945047362e-01
-2.519773782068853718e-01 2.157559737250205334e-01 2.548698860153918222e+00 -5.133316881862595160e+00 -5.296132919324598731e-01 4.323653656256310485e-01 7.831264862818824168e-01 -1.051933289897758916e+00 -5.270165347435748160e+00 1.037212790785250416e+00
1.727350214164184994e+00 -2.169207601633051485e+00 1.496194008726566160e+00 -6.570504462457877892e-01 -1.371254059490082389e-01 -2.579064102161007010e+00 -8.848878565042054278e-01 3.677081395026201349e+00 1.747965725963120942e+00 5.478050290238287268e+00
1.177411888977693666e+00 6.209623363995674383e-01 3.020583204396171340e+00 8.779863174765974998e-01 1.851437847884338073e+00 -7.264475086906946322e-01 1.760636795553540135e-01 -1.972612459266697149e+00 2.968751803784559051e+00 -3.726123224271601142e+00
7.823503424176613263e-01 -2.696213112045693916e-01 2.028659474102770588e+00 1.501737977462519691e+00 4.071088571472047057e+00 1.790025110229655381e+00 -4.159227567440876072e+00 -1.893721703130927525e-01 -3.516021577784447683e+00 -1.638944767230459565e+00
1.511228433276721628e+00 9.016089618429258268e-01 -1.210583013254278972e+00 -2.027434732880797785e+00 7.330298811603074005e-02 -2.979951607387842927e+00 -1.775670268830257470e+00 8.824960525132629074e-01 3.465936108320088582e+00 1.925072803986559444e+00
-2.291289508598099989e+00 4.304395561297302830e-01 1.247658086895584439e-01 8.277805707453861350e-01 3.613954714065394036e+00 -5.053880995950856381e+00 -1.563912662174137935e+00 1.671335471572752196e+00 -4.744783198361826493e+00 4.667360702206397427e+00
3.683566127006583923e-01 1.197250554467614414e+00 -9.889034300151559043e-01 1.627527379932421026e+00 2.389175031216462131e+00 5.704323216456482770e-01 6.201664691722852396e-01 7.646461509761832698e-01 -2.590035794218144893e+00 -4.665266497581923022e-01
-1.525225324523588055e-01 5.422008026993435648e-01 1.731746394287920321e+00 -2.117072163956818631e+00 -2.795286895959078755e-01 3.628810168379890122e+00 -1.967349531273038465e+00 -2.325674252226965777e+00 6.069185754935807475e-01 2.670180424448749701e+00
1.142605556065933066e-02 1.879434090855346406e+00 1.484010709424507191e+00 1.683640133780123671e+00 1.239042164415024905e+00 5.701562394055198268e+00 -5.428068072975620328e-01 -5.666816795914586535e+00 4.812763084551423098e+00 -1.447372685586549412e+00
1.078804443430330384e-01 1.851984339144732372e+00 -2.775194932026050054e+00 -2.503294428212278877e+00 -3.580566318268390891e+00 -1.945228696789162548e+00 1.163169126761447680e+00 1.482627113073833769e+00 8.288225379856613007e-01 -4.467557993680864925e+00
-2.310103436632644058e+00 7.686757762268271732e-02 -8.171400600549212356e-01 9.187715434332235365e-01 1.569616025283238958e+00 3.386209698553989123e-01 2.011123107216737704e+00 6.483076678474063437e-01 1.590194116804400037e+00 -2.228372516891389044e+00
-1.796114138314585384e-01 2.782834246431080127e-01 1.421197008479999857e+00 -7.874823444491442226e-01 1.165365411464020839e+00 -6.511693940305924855e-01 -3.109873433137744225e-01 2.346234158954362936e+00 -5.979181113162467476e+00 -4.099805480097306720e+00
-1.482185397442820740e+00 -3.300231566061950783e+00 -1.174788471316026151e+00 1.498867799455480876e+00 -6.370201381379997363e-01 4.844847769408110461e-01 2.881798619957070873e+00 3.755263469655297115e+00 -2.074138041784186481e-01 4.280414419704448470e+00
9.212665843410920707e-02 -1.184259925243937639e+00 -1.029531610045044454e+00 -2.961073025130032565e+00 -1.985927670067302309e+00 -8.769582051835187464e-01 2.126086118572799943e+00 4.867072065914791246e+00 -4.146544546131120335e+00 1.242229527178844828e+00
-1.040543939157534403e+00 6.713230605236811810e-01 -2.270487391851761516e-01 -3.661811651695060732e+00 2.075735176455680175e+00 -1.481943040401497935e+00 -1.412567255654529674e+00 -3.025716736854401567e+00 -1.962849830062666445e+00 1.353108381609139599e+00
-1.892443409364055196e-01 4.647982610645818302e-01 6.268670393742789004e-01 2.641323311056333889e+00 -7.664931350782504538e-01 -3.617548073912777440e+00 2.823605107842845019e+00 -9.375901374924083820e-01 3.343777333732131041e+00 1.212344880436770467e+00
-1.311375302033449264e-01 4.932435995890722125e-01 3.379252880343779797e+00 4.153961058107506155e+00 1.551409345129920736e-01 3.923852152205274391e-01 2.847463807637051314e+00 -2.391890603420041561e+00 9.992111178547653516e-01 -8.178550631281159000e-02
3.139082114575535987e-01 -1.178561467832321741e+00 -2.753211660471035493e+00 -4.145966871982583513e+00 -2.498546833623068952e+00 -1.123520405727047589e+00 -7.757120247690691972e-01 5.479317166719238408e+00 3.317980109721894166e+00 -3.042399244253585433e+00
3.477084524509569396e-01 -5.756955627935500530e-01 -4.925326153207321700e-01 3.706512988307640311e-01 1.384508707261453475e+00 -8.310101764260676704e-01 2.814686587510003335e+00 -3.229889053605724758e+00 1.901718708680532471e-02 8.214565594020342587e+00
2.230797426252751070e-01 2.026871393032313673e+00 1.585175985137527443e-01 1.161554190659593422e+00 -1.269710826416431682e-01 -4.174116221542106264e-01 -2.062316573088048610e+00 1.217076035490690655e+00 -2.554611567557303786e+00 2.104765323731848436e+00
1.085287004445909975e+00 5.183536871505866062e-01 -4.957973501207044165e-01 9.079311586173921533e-01 -6.902139350243471361e-01 2.291613087717169872e+00 -4.845445048403831834e+00 -9.492409832514587809e-01 -5.972435985371992828e+00 -4.727797464020280671e+00
1.363862229813909366e+00 1.265982742337072864e+00 -1.246176319090765316e+00 -3.005006912081793935e+00 -6.628888002672383095e+00 -1.331286671929721610e+00 6.403816191973982441e+00 1.230038469533265788e+00 -1.678716858148468383e+00 1.470712756689248168e+00
-1.560958352994442855e+00 -4.204787319373708421e-01 1.723000374718210437e-01 -1.722013036420970145e-01 1.768296245121991239e+00 8.442049465643980399e-01 1.768224438627810313e+00 -1.947010834984919780e+00 2.693446225231644231e+00 5.151150919294217978e+00
-9.701495196514126063e-01 -1.255391235571208242e+00 2.313646338461316176e+00 -3.826879733901205616e-01 3.139040060929205733e+00 -1.083986687095155999e+00 3.849688741076967347e+00 3.718980507719494288e-01 7.746864699680855448e-01 4.948072844389600711e+00
-3.617704774441712345e-01 -1.330947631906069129e+00 -7.769359987620049202e-01 9.046679012862773872e-01 -3.501143721782630003e+00 1.561478437366655925e+00 -1.425454919951141042e+00 3.246504463745907287e+00 -7.182780914701414332e+00 -2.487339378864938499e+00
-1.686468151234101986e+00 -1.168464916964186751e+00 4.289699240230186450e-01 -3.584532508995098010e-01 -5.665694681414013001e-01 -3.899217096517183512e-01 5.381147042753358090e-01 -2.852570697316047621e+00 2.120548922697152339e+00 2.095533794303816588e+00
3.850379376561010036e-01 7.870571426530268422e-01 5.134110376785907537e-01 4.070146605462134914e+00 -1.947484869174065381e-01 -7.521971934913928015e-01 -1.993646583653861271e+00 -2.919679737325294955e+00 -3.733415362803226056e+00 -2.810623888047811381e+00
-7.068038165207131407e-02 4.727647045567243689e-01 8.858064381600662396e-02 -1.531070554859425892e+00 2.012873877444649295e+00 1.811183756485070129e+00 -4.223897186710443008e-01 -1.846725733754379206e+00 1.645283762489398560e+00 5.944246764090146407e-01
-1.448127259415047607e+00 -9.613859998674016694e-02 4.538593399153982300e-01 -1.799389572975507612e+00 4.245027314637192517e-01 -3.563572755209285514e+00 3.535216125933483333e+00 3.529735588068699581e+00 -7.575520029088942398e-01 1.149343533039792087e+00
-2.409921965799874943e+00 -1.635322543965630038e+00 -5.088400158962090858e-01 -2.144266042853718357e+00 1.597439098048901052e+00 4.892357365363637633e+00 -3.113029936547971221e+00 -2.368704208096838570e+00 7.063451049297909679e-01 5.094796604336872647e+00
-1.222374312539903141e+00 3.521902616872822356e-01 3.154582145375112834e+00 -3.303518296358534556e+00 -2.864557830389019344e+00 -1.037620037501013615e+00 -1.377347475837238155e+00 2.298383523886092572e+00 7.249791594625141222e-01 -5.612922868852757041e+00
5.154104029008108601e-01 -8.167633272962282476e-01 2.207407331306981302e+00 -1.255175072873839337e+00 -1.423515048531872385e+00 1.325496330161438419e+00 2.018513740888846275e+00 1.267416395538673024e+00 -5.056791952154425118e+00 1.701414289786314260e+00
-1.034308051674398987e+00 3.327306679105279663e-01 -2.465980378596561717e+00 8.926442950861273040e-01 -1.803609980608133156e+00 -3.141800419551436629e+00 1.888590561962613545e+00 6.834739196568421216e-01 -1.841930404178691472e+00 4.589030455168172651e+00
-4.406524215697424363e-01 4.540710798594940756e-02 4.657717542178517189e-01 -1.239331868257227187e+00 1.053492778709527622e+00 -1.306686052643603491e+00 -1.089092630687964025e+00 3.854135403755522660e+00 -3.121758157537299461e+00 -7.629881339391996420e+00
1.610936995011894357e+00 3.605294165513658555e+00 -7.019469585043608406e-01 -3.873676081240370550e+00 -6.942632766985568082e-01 -7.011001797838631866e-01 -5.024912513870594122e-01 -3.149136938139803998e+00 1.738683427429432271e+00 1.658637955460742663e+00
-1.494405619819306530e+00 9.888135007298525236e-01 3.555354680663886491e+00 3.439206648741197081e-01 -7.542819929063131479e-01 -3.478354171334638312e-01 1.627816397848432350e+00 -4.895078513044653690e+00 4.931721089319067164e-01 -1.234755424487359532e+00
1.847825012956045398e+00 -2.463174423425703030e-01 2.888866083773689475e+00 -2.207481395564014459e+00 1.313151417380931330e+00 7.823676699988562078e-01 -2.299282895415322159e+00 5.017519824637070025e-01 3.637556510494801110e+00 -1.023919273013363496e+00
-1.691962649169763244e+00 -2.483758739800929691e-02 -1.563042650104176756e+00 -6.846818773277647541e-01 -1.824357991485271169e-01 -4.177977607885406286e+00 -4.274630169490123421e+00 1.363490913540956084e+00 -1.568156088509041091e+00 -8.110433736182432796e+00
7.848440366081350650e-01 3.851890018890708478e-01 -1.236467465475482141e+00 -2.633660422116482991e+00 1.868923272289954030e+00 8.557307665966897847e-01 6.303773113156873720e+00 1.188472830142705217e+00 1.163109423786044427e+00 -5.278724642404641898e-01
8.167758672007909837e-01 8.840039692438544927e-01 2.168051311939505510e+00 -1.042645837274569498e+00 -9.736007074141002082e-01 -1.173558302883791038e+00 2.092264690601445487e+00 4.238042909961667881e+00 -1.376521479447901930e+00 -1.343252470026536693e+00
3.140772238697991936e-01 -3.475592464274007698e-01 1.649005298769846251e+00 -4.503554581238093490e+00 -1.848568682248329376e+00 -1.916520784624578866e+00 -6.139084961907248505e+00 -2.725581114500948310e+00 -2.745468347537778353e+00 -6.359487563407770772e-01
1.112965891660263607e+00 -3.465680965178736805e-01 -1.785421736648730606e+00 -1.139090824270579672e-01 2.346023537742488063e+00 -2.390601109452273221e+00 -2.409154692957660160e+00 1.579815026909968667e+00 -6.646083471924015829e-01 2.047526372731603317e+00
-1.364679179529676087e-02 9.923022473524484299e-01 -1.792807883320962414e+00 -2.416930157653487954e-02 -4.711171942964257342e-01 -2.978312346936227595e+00 -4.136573830394158158e+00 1.939591172139385478e+00 -1.052857146653934262e+00 -3.232734097083989067e+00
-9.617893692333225053e-02 1.595259566675985452e+00 -3.950353826929339895e+00 -2.993277379806652760e+00 -2.063636819590728422e+00 3.579142646402993844e+00 7.476548805485158100e-01 2.170300896205929142e+00 -3.420482757378691563e+00 -3.540283288125038563e+00
4.478137167227104198e-01 8.241234914712652904e-02 9.504435143580022283e-01 -3.753419818569042610e-01 6.219482798676525537e-01 3.873110766133273652e-01 2.057779089374724979e+00 2.282564114546561829e+00 -4.859615983175309850e+00 -7.106487148953255506e+00
1.001745397651507163e+00 1.679696935261880020e+00 -1.767770925171461949e+00 -3.719670813091257244e+00 2.214485919116254420e-01 2.280078687636107659e+00 4.755988064493114287e+00 1.460310057372345982e+00 -1.115150089757084739e+00 -2.824327012250110069e+00
1.145129167065441628e-02 -4.232242029740979072e-01 -1.758149185854844809e+00 4.097511301726573407e+00 3.991757898317961573e+00 2.782739597671354037e+00 -2.436341147297849119e+00 2.418359849024582786e+00 1.918879228493705513e+00 1.399452141025747665e+00
1.249665267043777117e+00 8.985504873749118326e-01 1.281742255603390168e+00 1.273812566744420227e+00 7.620327544405746112e-01 -4.368937167348808437e+00 2.212405751916154129e-01 -1.573148422974582683e+00 -3.839522872920061225e+00 5.318371123714904058e+00
1.728995340885703502e+00 1.922228207194954352e+00 4.420426047676301318e-01 2.701250241905313487e+00 2.695173117076373956e-02 4.967498496254705298e-01 -2.893053312011386158e+00 1.122860973932893414e+00 1.811577852732512983e-01 -4.119347688036676836e+00
-5.119711181659690469e-02 -1.127546305283902844e-01 3.113467270341301774e+00 1.788426657026819022e+00 2.559277984085144356e-02 6.094019634923735218e-01 1.169749573344654181e-01 -5.739274185860632205e-01 -3.247281592164860342e+00 -4.776679780828806954e-01
-7.460982566525133919e-01 -1.768213192390939215e+00 8.854621567338841759e-01 7.825293198664698968e-01 -3.995199451328500739e+00 -3.005147611413865882e-01 2.634378247173552623e+00 2.995937154269430192e+00 3.077510528655715838e+00 1.230543648699963383e-01
-8.450453279691511055e-01 -1.532581579177588749e+00 5.968732035650526901e-01 7.585600687303259981e-01 2.878559875099294896e+00 2.694388870783160250e+00 -3.498441413776580688e-01 -3.519145656538755773e+00 -9.573197910326934901e-01 6.869453544410073498e-01
-2.020832453894040870e-01 -8.172656852589241794e-01 4.380093479905194931e-01 -1.007915482821220898e+00 -1.404398457572010539e+00 7.629005229870239324e-01 -1.063572395915081126e+00 6.904314750559661373e-01 8.196120685563681452e-01 -3.603190875499858503e+00
-4.812411238654121792e-01 2.033323648097147718e+00 -2.012780758490669175e+00 -4.233308897941062021e+00 -4.163212326228769022e+00 7.130451555251748896e-02 8.179942888956161229e-02 -3.326537336490146823e-01 3.642569486785504740e+00 -8.452244617130235227e+00
3.959338744308236180e-01 2.208207081798071236e+00 -1.953373584591339140e+00 -7.596130235797902142e-01 -1.683517506633341432e+00 -2.190691466365598306e+00 -8.632081275402700982e-01 4.037538096549263322e+00 5.512160026462560758e+00 -1.062333106518737136e+00
1.905060214064470125e+00 5.031273625311075831e-02 3.037481959023900835e+00 -1.865972993069835439e-01 2.930542080225211343e-01 8.952259719877143640e-01 8.410456289869154389e+00 2.407799210796154554e+00 -2.121793589854390927e+00 3.064240317924082913e+00
-3.618325370843414879e-01 -6.926113508335939306e-01 1.573743719159311327e+00 6.217117554230557064e-02 6.229146817425685878e-01 3.425665750958090811e-02 8.905152484985480177e-01 1.201985071400511806e+00 -5.810900798116246158e+00 2.107887858822748317e+00
-9.820194198303006106e-01 -2.039718998507110470e+00 -1.011712420965335396e-01 1.679620066289085334e-01 -1.550726926798776217e+00 2.035604011283753234e+00 -3.551061706104162052e+00 -1.151010737274204887e+00 -1.754622404799002000e+00 -1.473218842423178465e-01
2.788642846472387804e-01 -1.425375878777839667e+00 1.254494396396208744e+00 1.260047366693994586e-01 -4.230520432181468671e+00 -4.797549643555456989e+00 -3.259378541911393812e-02 -6.249899553093352100e-01 -3.102603407239005184e-01 -8.848829716214109964e-02
2.255598395101807152e-01 1.340178930625037790e+00 -1.924490140927993975e+00 -2.343943185801589557e+00 -2.444746467658506894e+00 7.076984127488489262e-01 3.293821159260258646e+00 -1.220012167089415511e+00 -7.505099532478963553e+00 -5.388498562519157709e+00
-8.330367227960115972e-01 -7.887477568229909197e-01 -7.073498516384940649e-01 7.716224596183413054e-02 -6.970859874551297297e-01 2.570346612722170576e+00 -1.788573672808833503e+00 -2.439003506736411975e+00 1.436626615561384934e+00 -4.856126611742095811e+00
3.896917053200021908e-01 1.450321032902263940e-01 -2.553778837327279061e-01 3.176552214298524746e+00 -1.391298143785471009e+00 5.046679235773676275e+00 -5.964355523504344392e-01 -3.611947951700743786e+00 2.097587429844758877e-01 -3.403386153831482908e+00
-7.517558478135002442e-01 5.614898775956536081e-01 9.622964053172522458e-01 -1.244335400508516321e+00 2.207905025656791587e+00 2.835303380464720302e+00 3.800097255511701633e+00 1.497407240918690485e+00 4.090286136257096139e+00 -5.947606852062169658e+00
-3.179065486284625708e-01 -1.226130592141351228e+00 2.065052490487942760e-01 -1.142898438393474603e+00 -3.715402295942678013e-01 4.610368063183975629e+00 -4.490363738928312975e-01 1.170381413952380267e+00 -6.968079897727056382e-01 2.394264390837907430e-01
6.016680436071459269e-03 6.340259744374924233e-01 2.018371858010585829e+00 3.294787995206658771e+00 6.923315503479499089e-01 1.444089050233970495e+00 -3.044901284035420375e+00 -2.485529618826752829e-01 2.820868394650767108e+00 2.738433279672992882e+00
2.116097327950502149e-01 1.253550359226587307e+00 8.500328746406641267e-01 2.400612516518643158e+00 6.470267448681317202e-01 -8.712793755165032517e-01 8.885524458401273806e-01 -8.288972624290622093e+00 1.148657209155148351e+00 -1.153729437224851218e+01
-1.723463407405418035e+00 6.388972825050583948e-01 8.271050742507833897e-01 -2.324857560279860902e+00 -1.592308572557709301e+00 3.357126093674232425e+00 -1.280623355203174274e+00 6.343936650244802244e+00 -5.759559529038447631e-03 1.290323686692143479e+00
1.616874398498607590e+00 1.853003247593693337e-01 -1.736110701217305374e+00 -2.194549033885802303e-01 -7.962802684985520463e-02 -3.342920678616701835e+00 -6.768680381623533027e-01 -2.099236250434524109e+00 2.773073271562302100e+00 1.094523565125924691e-01
-2.827957491475700524e-01 -1.501639263654064027e-01 3.864586721667979119e-01 1.233628399379559593e+00 -2.235424501242551099e+00 -2.551358222315618374e+00 2.922706482457047006e+00 -1.166264793876863548e+00 -4.250526277790622309e+00 1.403459016180993224e+00
4.633698060326869039e-01 -2.164758276943855364e+00 3.974739905910305571e-01 1.471166184856747217e+00 8.371535558701463930e-01 1.548032162102431331e+00 -3.715346807361089798e+00 9.363229537714227169e-01 -9.078592784113397318e-01 -1.526716533484090421e+00
8.705556094197265393e-01 2.092010075468319741e+00 3.107940102147961792e+00 2.629615743011810114e+00 -2.453730895803994116e-01 8.639844214058376437e-01 2.028822618377477127e+00 3.427429987197168071e-01 3.922925637346331151e-01 2.604936126425787535e+00
