-5.928264602593221778e-03
-7.292869363736614874e-02
-4.144730658358585645e-02
6.339103777337423695e-02
2.993291199955732448e-04
3.402099768683378850e-02
6.700792422021899231e-02
-3.748414628976096119e-02
7.562481636298061527e-02
3.788426034583944335e-02
-1.234813086911478730e-01
1.442304791186244384e-01
-5.007447437569161747e-02
-1.655095343185183920e-01
-1.045043709586302438e-01
-1.021045160678322045e-01
5.217331865753347016e-03
-2.738505055462371954e-02
-3.368319676405928664e-02
6.197019654824789670e-02
3.398753611927037704e-02
3.160478706442862440e-02
4.098284573286926913e-02
6.161346680022383032e-02
-2.107953341777443201e-01
-3.644382522644611794e-02
-2.180210064489473964e-01
3.605992679779541389e-03
-4.632972224345320491e-04
1.045532274789680305e-01
1.187634392721120813e-01
2.027750482523673486e-02
-5.003610773968998615e-02
4.851611125457378632e-02
-5.279176373243135711e-02
-1.392651443348898947e-04
9.861363169607678669e-02
-5.577713459894236003e-02
8.056786392425009657e-02
6.774013686923023581e-02
-9.547918171308215907e-02
9.738941282174010117e-02
6.985663453715050542e-02
1.019258873726574394e-02
-7.623234580276522232e-02
-8.592060185755701074e-02
-5.376625769030224378e-02
5.425944632919600663e-02
-9.556251674013979680e-02
4.375122486198699395e-02
-1.241755528878392689e-01
-2.040685844388489753e-02
1.096477545740086323e-02
2.445130145058916904e-01
-1.377315655520367499e-01
1.472014566490133514e-01
1.498424139872800431e-02
4.111719180159631448e-02
1.183479133882045162e-02
4.447268181952330340e-02
-1.536851043620177451e-02
1.454050181457458291e-01
-4.564711442247224027e-02
1.132234572179247750e-01
-6.443671202130228648e-02
-6.025184640128695979e-03
-1.071962552290219306e-01
4.550237203475199221e-02
1.445125956926533728e-01
-7.735617982085407976e-03
-1.968856987039095674e-02
-1.114616963067926875e-01
-2.292926535523081080e-02
-1.592794259721527772e-01
-9.128779867188273334e-02
2.267860461091354349e-02
1.319013197741396304e-01
2.809210861229503031e-01
-5.865850850709006942e-02
1.435300156645440139e-01
2.437524804016479030e-02
-1.512476467463758772e-02
4.325944517261522126e-02
6.191648367995918577e-03
1.103957256122185294e-02
-4.083331628266692603e-02
-1.398109659798850712e-01
-1.543625202522081741e-01
6.532448832812269568e-02
-2.767000900857134044e-02
-5.960888996561666819e-02
8.505626723153567265e-04
7.949322529156276074e-02
1.803639430263982019e-02
-6.560549366409673677e-02
1.226292955648949773e-01
1.579185502981632072e-01
4.945566553228533668e-02
9.736635113440901546e-02
1.241959996813811196e-01
